Medición 	Año	Mes 	Perimetro.cm	Diametro.cm	Biomasa.kg	Carbono.kg.C	Area.m2
1	2019	Septiembre	39.5	12.573	63.88	29.38471967	1.242
2	2019	Septiembre	58	18.462	165.045	75.92078689	2.677
3	2019	Septiembre	43.8	13.942	82.462	37.93260387	1.527
4	2019	Septiembre	39	12.414	61.9	28.47415027	1.21
5	2019	Septiembre	32	10.186	37.966	17.46448265	0.815
6	2019	Septiembre	85.1	27.088	425.626	195.7880007	5.763
7	2019	Septiembre	39.5	12.573	63.88	29.38471967	1.242
8	2019	Septiembre	234	74.484	5182.087	2383.759914	43.573
9	2019	Septiembre	20	6.366	11.885	5.467329495	0.318
10	2019	Septiembre	48	15.279	103.4	47.56387468	1.833
11	2019	Septiembre	43	13.687	78.79	36.24354606	1.471
12	2019	Septiembre	25.5	8.117	21.664	9.965312323	0.517
13	2019	Septiembre	60	19.099	179.467	82.55471232	2.865
14	2019	Septiembre	74	23.555	301.331	138.6122803	4.358
15	2019	Septiembre	53	16.87	132.086	60.7597254	2.235
16	2019	Septiembre	56.5	17.984	154.698	71.16096735	2.54
17	2019	Septiembre	39.4	12.541	63.481	29.20123994	1.235
18	2019	Septiembre	18	5.73	9.161	4.214135433	0.258
19	2019	Septiembre	53	16.87	132.086	60.7597254	2.235
20	2019	Septiembre	91	28.966	502.3	231.0582124	6.59
21	2019	Septiembre	24	7.639	18.65	8.578909905	0.458
22	2019	Septiembre	46.4	14.77	95.091	43.74174038	1.713
23	2019	Septiembre	36	11.459	50.792	23.36434487	1.031
24	2019	Septiembre	44.5	14.165	85.757	39.44824763	1.576
25	2019	Septiembre	41	13.051	70.042	32.21951796	1.338
26	2019	Septiembre	72	22.918	281.605	129.5384593	4.125
27	2019	Septiembre	52	16.552	126.013	57.96614125	2.152
28	2019	Septiembre	45	14.324	88.158	40.55255763	1.611
29	2019	Septiembre	38	12.096	58.052	26.70394322	1.149
30	2019	Septiembre	49.5	15.756	111.569	51.32152765	1.95
31	2019	Septiembre	35.5	11.3	49.067	22.57066677	1.003
32	2019	Septiembre	18.7	5.952	10.067	4.630743634	0.278
33	2019	Septiembre	76	24.191	321.857	148.0541261	4.596
34	2019	Septiembre	67.1	21.359	236.594	108.8332193	3.583
35	2019	Septiembre	96.1	30.59	574.754	264.3867094	7.349
36	2019	Septiembre	56.3	17.921	153.348	70.54014894	2.522
37	2019	Septiembre	22	7.003	15.042	6.919210975	0.385
38	2019	Septiembre	22	7.003	15.042	6.919210975	0.385
39	2019	Septiembre	64.3	20.467	212.942	97.95338367	3.29
40	2019	Septiembre	72.5	23.077	286.462	131.7726691	4.183
41	2019	Septiembre	78	24.828	343.193	157.8686488	4.841
42	2019	Septiembre	41.5	13.21	72.172	33.19915084	1.371
43	2019	Septiembre	70	22.282	262.669	120.827944	3.899
44	2019	Septiembre	51.5	16.393	123.04	56.5986134	2.111
45	2019	Septiembre	26.7	8.499	24.271	11.16450456	0.567
46	2019	Septiembre	46.2	14.706	94.081	43.27732912	1.699
47	2019	Septiembre	19.5	6.207	11.165	5.135771032	0.303
48	2019	Septiembre	39.5	12.573	63.88	29.38471967	1.242
49	2019	Septiembre	20	6.366	11.885	5.467329495	0.318
50	2019	Septiembre	12	3.82	3.364	1.5473444	0.115
51	2019	Septiembre	10.5	3.342	2.418	1.112471482	0.088
52	2019	Septiembre	13	4.138	4.099	1.885750155	0.134
53	2019	Septiembre	9	2.865	1.652	0.760087113	0.064
54	2019	Septiembre	24	7.639	18.65	8.578909905	0.458
55	2019	Septiembre	19	6.048	10.471	4.816485715	0.287
56	2019	Septiembre	22.5	7.162	15.901	7.314306092	0.403
57	2019	Septiembre	10	3.183	2.144	0.986120821	0.08
58	2019	Septiembre	12	3.82	3.364	1.5473444	0.115
59	2019	Septiembre	33	10.504	40.966	18.84421602	0.867
60	2019	Septiembre	8.5	2.706	1.435	0.659970151	0.057
61	2019	Septiembre	38	12.096	58.052	26.70394322	1.149
62	2019	Septiembre	28	8.913	27.296	12.55618264	0.624
63	2019	Septiembre	46	14.642	93.078	42.81586582	1.684
64	2019	Septiembre	33.5	10.663	42.517	19.55761294	0.893
65	2019	Septiembre	12	3.82	3.364	1.5473444	0.115
66	2019	Septiembre	20	6.366	11.885	5.467329495	0.318
67	2019	Septiembre	24.5	7.799	19.625	9.027334249	0.478
68	2019	Septiembre	46.5	14.801	95.598	43.97505337	1.721
69	2019	Septiembre	38.5	12.255	59.958	27.58059247	1.18
70	2019	Septiembre	25	7.958	20.629	9.489424833	0.497
71	2019	Septiembre	11.5	3.661	3.028	1.392882533	0.105
72	2019	Septiembre	35	11.141	47.377	21.79326332	0.975
73	2019	Septiembre	44.5	14.165	85.757	39.44824763	1.576
74	2019	Septiembre	19.5	6.207	11.165	5.135771032	0.303
75	2019	Septiembre	41	13.051	70.042	32.21951796	1.338
76	2019	Septiembre	72	22.918	281.605	129.5384593	4.125
77	2019	Septiembre	65	20.69	218.716	100.6095098	3.362
78	2019	Septiembre	66.5	21.168	231.401	106.4443009	3.519
79	2019	Septiembre	35	11.141	47.377	21.79326332	0.975
80	2019	Septiembre	19	6.048	10.471	4.816485715	0.287
81	2019	Septiembre	27	8.594	24.95	11.4770425	0.58
82	2019	Septiembre	35.2	11.204	48.048	22.10227866	0.986
83	2019	Septiembre	20	6.366	11.885	5.467329495	0.318
84	2019	Septiembre	14	4.456	4.923	2.264709515	0.156
85	2019	Septiembre	35	11.141	47.377	21.79326332	0.975
86	2019	Septiembre	20	6.366	11.885	5.467329495	0.318
87	2019	Septiembre	19.5	6.207	11.165	5.135771032	0.303
88	2019	Septiembre	42	13.369	74.34	34.19630053	1.404
89	2019	Septiembre	42	13.369	74.34	34.19630053	1.404
90	2019	Septiembre	60	19.099	179.467	82.55471232	2.865
91	2019	Septiembre	30.3	9.645	33.175	15.26071436	0.731
92	2019	Septiembre	11	3.501	2.713	1.247991001	0.096
93	2019	Septiembre	21.4	6.812	14.048	6.462232254	0.364
94	2019	Septiembre	16	5.093	6.848	3.150000377	0.204
95	2019	Septiembre	24.7	7.862	20.023	9.210523186	0.485
96	2019	Septiembre	19.7	6.271	11.45	5.26691335	0.309
97	2019	Septiembre	26.5	8.435	23.824	10.95899385	0.559
98	2019	Septiembre	10	3.183	2.144	0.986120821	0.08
99	2019	Septiembre	15	4.775	5.838	2.685663704	0.179
100	2019	Septiembre	22	7.003	15.042	6.919210975	0.385
101	2019	Septiembre	23.5	7.48	17.704	8.144019714	0.439
102	2019	Septiembre	24	7.639	18.65	8.578909905	0.458
103	2019	Septiembre	24	7.639	18.65	8.578909905	0.458
104	2019	Septiembre	16	5.093	6.848	3.150000377	0.204
105	2019	Septiembre	17	5.411	7.954	3.659059009	0.23
106	2019	Septiembre	23	7.321	16.788	7.72253013	0.421
107	2019	Septiembre	15	4.775	5.838	2.685663704	0.179
108	2019	Septiembre	16	5.093	6.848	3.150000377	0.204
109	2019	Septiembre	11	3.501	2.713	1.247991001	0.096
110	2019	Septiembre	14	4.456	4.923	2.264709515	0.156
111	2019	Septiembre	17	5.411	7.954	3.659059009	0.23
112	2019	Septiembre	12	3.82	3.364	1.5473444	0.115
113	2019	Septiembre	55	17.507	144.747	66.58345615	2.407
114	2019	Septiembre	63	20.053	202.462	93.13236388	3.158
115	2019	Septiembre	64.5	20.531	214.583	98.70796161	3.311
116	2019	Septiembre	73	23.237	291.369	134.02966	4.241
117	2019	Septiembre	42	13.369	74.34	34.19630053	1.404
118	2019	Septiembre	113	35.969	857.688	394.5362955	10.161
119	2019	Septiembre	90	28.648	488.771	224.8347157	6.446
120	2019	Septiembre	124	39.47	1078.99	496.3352415	12.236
121	2019	Septiembre	41.5	13.21	72.172	33.19915084	1.371
122	2019	Septiembre	76	24.191	321.857	148.0541261	4.596
123	2019	Septiembre	43	13.687	78.79	36.24354606	1.471
124	2019	Septiembre	76	24.191	321.857	148.0541261	4.596
125	2019	Septiembre	89	28.33	475.461	218.7121123	6.303
126	2019	Septiembre	36	11.459	50.792	23.36434487	1.031
127	2019	Septiembre	60	19.099	179.467	82.55471232	2.865
128	2019	Septiembre	39	12.414	61.9	28.47415027	1.21
129	2019	Octubre	35.4	11.268	48.726	22.41388757	0.997
130	2019	Octubre	27	8.594	24.95	11.4770425	0.58
131	2019	Octubre	37.2	11.841	55.079	25.33621484	1.101
132	2019	Octubre	23.5	7.48	17.704	8.144019714	0.439
133	2019	Octubre	28.4	9.04	28.27	13.00408342	0.642
134	2019	Octubre	29.2	9.295	30.278	13.92807686	0.679
135	2019	Octubre	24	7.639	18.65	8.578909905	0.458
136	2019	Octubre	38	12.096	58.052	26.70394322	1.149
137	2019	Octubre	39.5	12.573	63.88	29.38471967	1.242
138	2019	Octubre	26.4	8.403	23.602	10.85708985	0.555
139	2019	Octubre	29.6	9.422	31.314	14.40429299	0.697
140	2019	Octubre	29.3	9.326	30.535	14.04623786	0.683
141	2019	Octubre	25.5	8.117	21.664	9.965312323	0.517
142	2019	Octubre	29	9.231	29.769	13.69353517	0.669
143	2019	Octubre	31	9.868	35.102	16.14674081	0.765
144	2019	Octubre	37	11.777	54.35	25.00095445	1.089
145	2019	Octubre	53	16.87	132.086	60.7597254	2.235
146	2019	Octubre	38.2	12.159	58.81	27.05258052	1.161
147	2019	Octubre	45	14.324	88.158	40.55255763	1.611
148	2019	Octubre	28.5	9.072	28.516	13.11752129	0.646
149	2019	Octubre	40.7	12.955	68.783	31.64010484	1.318
150	2019	Octubre	26	8.276	22.729	10.45512601	0.538
151	2019	Octubre	54	17.189	138.33	63.63193194	2.32
152	2019	Octubre	56.5	17.984	154.698	71.16096735	2.54
153	2019	Octubre	30	9.549	32.37	14.89007033	0.716
154	2019	Octubre	35	11.141	47.377	21.79326332	0.975
155	2019	Octubre	31.2	9.931	35.664	16.4053738	0.775
156	2019	Octubre	45.8	14.579	92.081	42.35734446	1.669
157	2019	Octubre	32.4	10.313	39.15	18.008886	0.835
158	2019	Octubre	22.5	7.162	15.901	7.314306092	0.403
159	2019	Octubre	36	11.459	50.792	23.36434487	1.031
160	2019	Octubre	37.7	12	56.926	26.18602662	1.131
161	2019	Octubre	76.5	24.351	327.114	150.472638	4.657
162	2019	Octubre	32.5	10.345	39.449	18.14654348	0.841
163	2019	Octubre	39.5	12.573	63.88	29.38471967	1.242
164	2019	Octubre	44	14.006	83.396	38.36203986	1.541
165	2019	Octubre	43.5	13.846	81.074	37.29383822	1.506
166	2019	Octubre	43	13.687	78.79	36.24354606	1.471
167	2019	Octubre	43.5	13.846	81.074	37.29383822	1.506
168	2019	Octubre	28	8.913	27.296	12.55618264	0.624
169	2019	Octubre	54.5	17.348	141.517	65.09773615	2.364
170	2019	Octubre	67.5	21.486	240.094	110.4433958	3.626
171	2019	Octubre	40	12.732	65.897	30.31240307	1.273
172	2019	Octubre	45	14.324	88.158	40.55255763	1.611
173	2019	Octubre	36	11.459	50.792	23.36434487	1.031
174	2019	Octubre	45	14.324	88.158	40.55255763	1.611
175	2019	Octubre	34	10.823	44.102	20.28684601	0.92
176	2019	Octubre	32.5	10.345	39.449	18.14654348	0.841
177	2019	Octubre	76	24.191	321.857	148.0541261	4.596
178	2019	Octubre	61	19.417	186.949	85.99637621	2.961
179	2019	Octubre	20	6.366	11.885	5.467329495	0.318
180	2019	Octubre	19	6.048	10.471	4.816485715	0.287
181	2019	Octubre	20	6.366	11.885	5.467329495	0.318
182	2019	Octubre	20.5	6.525	12.633	5.811308342	0.334
183	2019	Octubre	57.5	18.303	161.552	74.3137835	2.631
184	2019	Octubre	31	9.868	35.102	16.14674081	0.765
185	2019	Octubre	32.5	10.345	39.449	18.14654348	0.841
186	2019	Octubre	39	12.414	61.9	28.47415027	1.21
187	2019	Octubre	61	19.417	186.949	85.99637621	2.961
188	2019	Octubre	40	12.732	65.897	30.31240307	1.273
189	2019	Octubre	52	16.552	126.013	57.96614125	2.152
190	2019	Octubre	37	11.777	54.35	25.00095445	1.089
191	2019	Octubre	40	12.732	65.897	30.31240307	1.273
192	2019	Octubre	38	12.096	58.052	26.70394322	1.149
193	2019	Octubre	68	21.645	244.513	112.4759453	3.68
194	2019	Octubre	69	21.963	253.494	116.6074322	3.789
195	2019	Octubre	26	8.276	22.729	10.45512601	0.538
196	2019	Octubre	34	10.823	44.102	20.28684601	0.92
197	2019	Octubre	30	9.549	32.37	14.89007033	0.716
198	2019	Octubre	33	10.504	40.966	18.84421602	0.867
199	2019	Octubre	25	7.958	20.629	9.489424833	0.497
200	2019	Octubre	22	7.003	15.042	6.919210975	0.385
201	2019	Octubre	39	12.414	61.9	28.47415027	1.21
202	2019	Octubre	11.5	3.661	3.028	1.392882533	0.105
203	2019	Octubre	29	9.231	29.769	13.69353517	0.669
204	2019	Octubre	34	10.823	44.102	20.28684601	0.92
205	2019	Octubre	17	5.411	7.954	3.659059009	0.23
206	2019	Octubre	49	15.597	108.804	50.0500646	1.911
207	2019	Octubre	67.5	21.486	240.094	110.4433958	3.626
208	2019	Octubre	33	10.504	40.966	18.84421602	0.867
209	2019	Octubre	67	21.327	235.724	108.4328733	3.572
210	2019	Octubre	22.5	7.162	15.901	7.314306092	0.403
211	2019	Octubre	42.5	13.528	76.546	35.21106612	1.437
212	2019	Octubre	60.3	19.194	181.692	83.57842965	2.894
213	2019	Octubre	35	11.141	47.377	21.79326332	0.975
214	2019	Octubre	75.5	24.032	316.65	145.6589068	4.536
215	2019	Octubre	47.5	15.12	100.759	46.34896473	1.795
216	2019	Octubre	20.5	6.525	12.633	5.811308342	0.334
217	2019	Octubre	77	24.51	332.423	152.9145146	4.718
218	2019	Octubre	73	23.237	291.369	134.02966	4.241
219	2018	Octubre	39.5	12.573	63.88	29.38471967	1.242
220	2018	Octubre	58	18.462	165.045	75.92078689	2.677
221	2018	Octubre	43.8	13.942	82.462	37.93260387	1.527
222	2018	Octubre	39	12.414	61.9	28.47415027	1.21
223	2018	Octubre	32	10.186	37.966	17.46448265	0.815
224	2018	Octubre	85.1	27.088	425.626	195.7880007	5.763
225	2018	Octubre	39.5	12.573	63.88	29.38471967	1.242
226	2018	Octubre	234	74.484	5182.087	2383.759914	43.573
227	2018	Octubre	20	6.366	11.885	5.467329495	0.318
228	2018	Octubre	48	15.279	103.4	47.56387468	1.833
229	2018	Octubre	43	13.687	78.79	36.24354606	1.471
230	2018	Octubre	25.5	8.117	21.664	9.965312323	0.517
231	2018	Octubre	60	19.099	179.467	82.55471232	2.865
232	2018	Octubre	74	23.555	301.331	138.6122803	4.358
233	2018	Octubre	53	16.87	132.086	60.7597254	2.235
234	2018	Octubre	56.5	17.984	154.698	71.16096735	2.54
235	2018	Octubre	39.4	12.541	63.481	29.20123994	1.235
236	2018	Octubre	18	5.73	9.161	4.214135433	0.258
237	2018	Octubre	53	16.87	132.086	60.7597254	2.235
238	2018	Octubre	91	28.966	502.3	231.0582124	6.59
239	2018	Octubre	24	7.639	18.65	8.578909905	0.458
240	2018	Octubre	46.4	14.77	95.091	43.74174038	1.713
241	2018	Octubre	36	11.459	50.792	23.36434487	1.031
242	2018	Octubre	44.5	14.165	85.757	39.44824763	1.576
243	2018	Octubre	41	13.051	70.042	32.21951796	1.338
244	2018	Octubre	72	22.918	281.605	129.5384593	4.125
245	2018	Octubre	52	16.552	126.013	57.96614125	2.152
246	2018	Octubre	45	14.324	88.158	40.55255763	1.611
247	2018	Octubre	38	12.096	58.052	26.70394322	1.149
248	2018	Octubre	49.5	15.756	111.569	51.32152765	1.95
249	2018	Octubre	35.5	11.3	49.067	22.57066677	1.003
250	2018	Octubre	18.7	5.952	10.067	4.630743634	0.278
251	2018	Octubre	76	24.191	321.857	148.0541261	4.596
252	2018	Octubre	67.1	21.359	236.594	108.8332193	3.583
253	2018	Octubre	96.1	30.59	574.754	264.3867094	7.349
254	2018	Octubre	56.3	17.921	153.348	70.54014894	2.522
255	2018	Octubre	22	7.003	15.042	6.919210975	0.385
256	2018	Octubre	22	7.003	15.042	6.919210975	0.385
257	2018	Octubre	64.3	20.467	212.942	97.95338367	3.29
258	2018	Octubre	72.5	23.077	286.462	131.7726691	4.183
259	2018	Octubre	78	24.828	343.193	157.8686488	4.841
260	2018	Octubre	41.5	13.21	72.172	33.19915084	1.371
261	2018	Octubre	70	22.282	262.669	120.827944	3.899
262	2018	Octubre	51.5	16.393	123.04	56.5986134	2.111
263	2018	Octubre	26.7	8.499	24.271	11.16450456	0.567
264	2018	Octubre	46.2	14.706	94.081	43.27732912	1.699
265	2018	Octubre	19.5	6.207	11.165	5.135771032	0.303
266	2018	Octubre	39.5	12.573	63.88	29.38471967	1.242
267	2018	Octubre	20	6.366	11.885	5.467329495	0.318
268	2018	Octubre	12	3.82	3.364	1.5473444	0.115
269	2018	Octubre	10.5	3.342	2.418	1.112471482	0.088
270	2018	Octubre	13	4.138	4.099	1.885750155	0.134
271	2018	Octubre	9	2.865	1.652	0.760087113	0.064
272	2018	Octubre	24	7.639	18.65	8.578909905	0.458
273	2018	Octubre	19	6.048	10.471	4.816485715	0.287
274	2018	Octubre	22.5	7.162	15.901	7.314306092	0.403
275	2018	Octubre	10	3.183	2.144	0.986120821	0.08
276	2018	Octubre	12	3.82	3.364	1.5473444	0.115
277	2018	Octubre	33	10.504	40.966	18.84421602	0.867
278	2018	Octubre	8.5	2.706	1.435	0.659970151	0.057
279	2018	Octubre	38	12.096	58.052	26.70394322	1.149
280	2018	Octubre	28	8.913	27.296	12.55618264	0.624
281	2018	Octubre	46	14.642	93.078	42.81586582	1.684
282	2018	Octubre	33.5	10.663	42.517	19.55761294	0.893
283	2018	Octubre	12	3.82	3.364	1.5473444	0.115
284	2018	Octubre	20	6.366	11.885	5.467329495	0.318
285	2018	Octubre	24.5	7.799	19.625	9.027334249	0.478
286	2018	Octubre	46.5	14.801	95.598	43.97505337	1.721
287	2018	Octubre	38.5	12.255	59.958	27.58059247	1.18
288	2018	Octubre	25	7.958	20.629	9.489424833	0.497
289	2018	Octubre	11.5	3.661	3.028	1.392882533	0.105
290	2018	Octubre	35	11.141	47.377	21.79326332	0.975
291	2018	Octubre	44.5	14.165	85.757	39.44824763	1.576
292	2018	Octubre	19.5	6.207	11.165	5.135771032	0.303
293	2018	Octubre	41	13.051	70.042	32.21951796	1.338
294	2018	Octubre	72	22.918	281.605	129.5384593	4.125
295	2018	Octubre	65	20.69	218.716	100.6095098	3.362
296	2018	Octubre	66.5	21.168	231.401	106.4443009	3.519
297	2018	Octubre	35	11.141	47.377	21.79326332	0.975
298	2018	Octubre	19	6.048	10.471	4.816485715	0.287
299	2018	Octubre	27	8.594	24.95	11.4770425	0.58
300	2018	Octubre	35.2	11.204	48.048	22.10227866	0.986
301	2018	Octubre	20	6.366	11.885	5.467329495	0.318
302	2018	Octubre	14	4.456	4.923	2.264709515	0.156
303	2018	Octubre	35	11.141	47.377	21.79326332	0.975
304	2018	Octubre	20	6.366	11.885	5.467329495	0.318
305	2018	Octubre	19.5	6.207	11.165	5.135771032	0.303
306	2018	Octubre	42	13.369	74.34	34.19630053	1.404
307	2018	Octubre	42	13.369	74.34	34.19630053	1.404
308	2018	Octubre	60	19.099	179.467	82.55471232	2.865
309	2018	Octubre	30.3	9.645	33.175	15.26071436	0.731
310	2018	Octubre	11	3.501	2.713	1.247991001	0.096
311	2018	Octubre	21.4	6.812	14.048	6.462232254	0.364
312	2018	Octubre	16	5.093	6.848	3.150000377	0.204
313	2018	Octubre	24.7	7.862	20.023	9.210523186	0.485
314	2018	Octubre	19.7	6.271	11.45	5.26691335	0.309
315	2018	Octubre	26.5	8.435	23.824	10.95899385	0.559
316	2018	Octubre	10	3.183	2.144	0.986120821	0.08
317	2018	Octubre	15	4.775	5.838	2.685663704	0.179
318	2018	Octubre	22	7.003	15.042	6.919210975	0.385
319	2018	Octubre	23.5	7.48	17.704	8.144019714	0.439
320	2018	Octubre	24	7.639	18.65	8.578909905	0.458
321	2018	Octubre	24	7.639	18.65	8.578909905	0.458
322	2018	Octubre	16	5.093	6.848	3.150000377	0.204
323	2018	Octubre	17	5.411	7.954	3.659059009	0.23
324	2018	Octubre	23	7.321	16.788	7.72253013	0.421
325	2018	Octubre	15	4.775	5.838	2.685663704	0.179
326	2018	Octubre	16	5.093	6.848	3.150000377	0.204
327	2018	Octubre	11	3.501	2.713	1.247991001	0.096
328	2018	Octubre	14	4.456	4.923	2.264709515	0.156
329	2018	Octubre	17	5.411	7.954	3.659059009	0.23
330	2018	Octubre	12	3.82	3.364	1.5473444	0.115
331	2018	Octubre	55	17.507	144.747	66.58345615	2.407
332	2018	Octubre	63	20.053	202.462	93.13236388	3.158
333	2018	Octubre	64.5	20.531	214.583	98.70796161	3.311
334	2018	Octubre	73	23.237	291.369	134.02966	4.241
335	2018	Octubre	42	13.369	74.34	34.19630053	1.404
336	2018	Octubre	113	35.969	857.688	394.5362955	10.161
337	2018	Octubre	90	28.648	488.771	224.8347157	6.446
338	2018	Octubre	124	39.47	1078.99	496.3352415	12.236
339	2018	Octubre	41.5	13.21	72.172	33.19915084	1.371
340	2018	Octubre	76	24.191	321.857	148.0541261	4.596
341	2018	Octubre	43	13.687	78.79	36.24354606	1.471
342	2018	Octubre	76	24.191	321.857	148.0541261	4.596
343	2018	Octubre	89	28.33	475.461	218.7121123	6.303
344	2018	Octubre	36	11.459	50.792	23.36434487	1.031
345	2018	Octubre	60	19.099	179.467	82.55471232	2.865
346	2018	Octubre	39	12.414	61.9	28.47415027	1.21
347	2018	Octubre	35.4	11.268	48.726	22.41388757	0.997
348	2018	Septiembre	27	8.594	24.95	11.4770425	0.58
349	2018	Septiembre	37.2	11.841	55.079	25.33621484	1.101
350	2018	Septiembre	23.5	7.48	17.704	8.144019714	0.439
351	2018	Septiembre	28.4	9.04	28.27	13.00408342	0.642
352	2018	Septiembre	29.2	9.295	30.278	13.92807686	0.679
353	2018	Septiembre	24	7.639	18.65	8.578909905	0.458
354	2018	Septiembre	38	12.096	58.052	26.70394322	1.149
355	2018	Septiembre	39.5	12.573	63.88	29.38471967	1.242
356	2018	Septiembre	26.4	8.403	23.602	10.85708985	0.555
357	2018	Septiembre	29.6	9.422	31.314	14.40429299	0.697
358	2018	Septiembre	29.3	9.326	30.535	14.04623786	0.683
359	2018	Septiembre	25.5	8.117	21.664	9.965312323	0.517
360	2018	Septiembre	29	9.231	29.769	13.69353517	0.669
361	2018	Septiembre	31	9.868	35.102	16.14674081	0.765
362	2018	Septiembre	37	11.777	54.35	25.00095445	1.089
363	2018	Septiembre	53	16.87	132.086	60.7597254	2.235
364	2018	Septiembre	38.2	12.159	58.81	27.05258052	1.161
365	2018	Septiembre	45	14.324	88.158	40.55255763	1.611
366	2018	Septiembre	28.5	9.072	28.516	13.11752129	0.646
367	2018	Septiembre	40.7	12.955	68.783	31.64010484	1.318
368	2018	Septiembre	26	8.276	22.729	10.45512601	0.538
369	2018	Septiembre	54	17.189	138.33	63.63193194	2.32
370	2018	Septiembre	56.5	17.984	154.698	71.16096735	2.54
371	2018	Septiembre	30	9.549	32.37	14.89007033	0.716
372	2018	Septiembre	35	11.141	47.377	21.79326332	0.975
373	2018	Septiembre	31.2	9.931	35.664	16.4053738	0.775
374	2018	Septiembre	45.8	14.579	92.081	42.35734446	1.669
375	2018	Septiembre	32.4	10.313	39.15	18.008886	0.835
376	2018	Septiembre	22.5	7.162	15.901	7.314306092	0.403
377	2018	Septiembre	36	11.459	50.792	23.36434487	1.031
378	2018	Septiembre	37.7	12	56.926	26.18602662	1.131
379	2018	Septiembre	76.5	24.351	327.114	150.472638	4.657
380	2018	Septiembre	32.5	10.345	39.449	18.14654348	0.841
381	2018	Septiembre	39.5	12.573	63.88	29.38471967	1.242
382	2018	Septiembre	44	14.006	83.396	38.36203986	1.541
383	2018	Septiembre	43.5	13.846	81.074	37.29383822	1.506
384	2018	Septiembre	43	13.687	78.79	36.24354606	1.471
385	2018	Septiembre	43.5	13.846	81.074	37.29383822	1.506
386	2018	Septiembre	28	8.913	27.296	12.55618264	0.624
387	2018	Septiembre	54.5	17.348	141.517	65.09773615	2.364
388	2018	Septiembre	67.5	21.486	240.094	110.4433958	3.626
389	2018	Septiembre	40	12.732	65.897	30.31240307	1.273
390	2018	Septiembre	45	14.324	88.158	40.55255763	1.611
391	2018	Septiembre	36	11.459	50.792	23.36434487	1.031
392	2018	Septiembre	45	14.324	88.158	40.55255763	1.611
393	2018	Septiembre	34	10.823	44.102	20.28684601	0.92
394	2018	Septiembre	32.5	10.345	39.449	18.14654348	0.841
395	2018	Septiembre	76	24.191	321.857	148.0541261	4.596
396	2018	Septiembre	61	19.417	186.949	85.99637621	2.961
397	2018	Septiembre	20	6.366	11.885	5.467329495	0.318
398	2018	Septiembre	19	6.048	10.471	4.816485715	0.287
399	2018	Septiembre	20	6.366	11.885	5.467329495	0.318
400	2018	Septiembre	20.5	6.525	12.633	5.811308342	0.334
401	2018	Septiembre	57.5	18.303	161.552	74.3137835	2.631
402	2018	Septiembre	31	9.868	35.102	16.14674081	0.765
403	2018	Septiembre	32.5	10.345	39.449	18.14654348	0.841
404	2018	Septiembre	39	12.414	61.9	28.47415027	1.21
405	2018	Septiembre	61	19.417	186.949	85.99637621	2.961
406	2018	Septiembre	40	12.732	65.897	30.31240307	1.273
407	2018	Septiembre	52	16.552	126.013	57.96614125	2.152
408	2018	Septiembre	37	11.777	54.35	25.00095445	1.089
409	2018	Septiembre	40	12.732	65.897	30.31240307	1.273
410	2018	Septiembre	38	12.096	58.052	26.70394322	1.149
411	2018	Septiembre	68	21.645	244.513	112.4759453	3.68
412	2018	Septiembre	69	21.963	253.494	116.6074322	3.789
413	2018	Septiembre	26	8.276	22.729	10.45512601	0.538
414	2018	Septiembre	34	10.823	44.102	20.28684601	0.92
415	2018	Septiembre	30	9.549	32.37	14.89007033	0.716
416	2018	Septiembre	33	10.504	40.966	18.84421602	0.867
417	2018	Septiembre	25	7.958	20.629	9.489424833	0.497
418	2018	Septiembre	22	7.003	15.042	6.919210975	0.385
419	2018	Septiembre	39	12.414	61.9	28.47415027	1.21
420	2018	Septiembre	11.5	3.661	3.028	1.392882533	0.105
421	2018	Septiembre	29	9.231	29.769	13.69353517	0.669
422	2018	Septiembre	34	10.823	44.102	20.28684601	0.92
423	2018	Septiembre	17	5.411	7.954	3.659059009	0.23
424	2018	Septiembre	49	15.597	108.804	50.0500646	1.911
425	2018	Septiembre	67.5	21.486	240.094	110.4433958	3.626
426	2018	Septiembre	33	10.504	40.966	18.84421602	0.867
427	2018	Septiembre	67	21.327	235.724	108.4328733	3.572
428	2018	Septiembre	22.5	7.162	15.901	7.314306092	0.403
429	2018	Septiembre	42.5	13.528	76.546	35.21106612	1.437
430	2018	Septiembre	60.3	19.194	181.692	83.57842965	2.894
431	2018	Septiembre	35	11.141	47.377	21.79326332	0.975
432	2018	Septiembre	75.5	24.032	316.65	145.6589068	4.536
433	2018	Septiembre	47.5	15.12	100.759	46.34896473	1.795
434	2018	Septiembre	20.5	6.525	12.633	5.811308342	0.334
435	2018	Septiembre	77	24.51	332.423	152.9145146	4.718
436	2018	Septiembre	73	23.237	291.369	134.02966	4.241
437	2017	Septiembre	39.5	12.573	63.88	29.38471967	1.242
438	2017	Septiembre	58	18.462	165.045	75.92078689	2.677
439	2017	Septiembre	43.8	13.942	82.462	37.93260387	1.527
440	2017	Septiembre	39	12.414	61.9	28.47415027	1.21
441	2017	Septiembre	32	10.186	37.966	17.46448265	0.815
442	2017	Septiembre	85.1	27.088	425.626	195.7880007	5.763
443	2017	Septiembre	39.5	12.573	63.88	29.38471967	1.242
444	2017	Septiembre	234	74.484	5182.087	2383.759914	43.573
445	2017	Septiembre	20	6.366	11.885	5.467329495	0.318
446	2017	Septiembre	48	15.279	103.4	47.56387468	1.833
447	2017	Septiembre	43	13.687	78.79	36.24354606	1.471
448	2017	Septiembre	25.5	8.117	21.664	9.965312323	0.517
449	2017	Septiembre	60	19.099	179.467	82.55471232	2.865
450	2017	Septiembre	74	23.555	301.331	138.6122803	4.358
451	2017	Septiembre	53	16.87	132.086	60.7597254	2.235
452	2017	Septiembre	56.5	17.984	154.698	71.16096735	2.54
453	2017	Septiembre	39.4	12.541	63.481	29.20123994	1.235
454	2017	Septiembre	18	5.73	9.161	4.214135433	0.258
455	2017	Septiembre	53	16.87	132.086	60.7597254	2.235
456	2017	Septiembre	91	28.966	502.3	231.0582124	6.59
457	2017	Septiembre	24	7.639	18.65	8.578909905	0.458
458	2017	Septiembre	46.4	14.77	95.091	43.74174038	1.713
459	2017	Septiembre	36	11.459	50.792	23.36434487	1.031
460	2017	Septiembre	44.5	14.165	85.757	39.44824763	1.576
461	2017	Septiembre	41	13.051	70.042	32.21951796	1.338
462	2017	Septiembre	72	22.918	281.605	129.5384593	4.125
463	2017	Septiembre	52	16.552	126.013	57.96614125	2.152
464	2017	Septiembre	45	14.324	88.158	40.55255763	1.611
465	2017	Septiembre	38	12.096	58.052	26.70394322	1.149
466	2017	Septiembre	49.5	15.756	111.569	51.32152765	1.95
467	2017	Septiembre	35.5	11.3	49.067	22.57066677	1.003
468	2017	Septiembre	18.7	5.952	10.067	4.630743634	0.278
469	2017	Septiembre	76	24.191	321.857	148.0541261	4.596
470	2017	Septiembre	67.1	21.359	236.594	108.8332193	3.583
471	2017	Septiembre	96.1	30.59	574.754	264.3867094	7.349
472	2017	Septiembre	56.3	17.921	153.348	70.54014894	2.522
473	2017	Septiembre	22	7.003	15.042	6.919210975	0.385
474	2017	Septiembre	22	7.003	15.042	6.919210975	0.385
475	2017	Septiembre	64.3	20.467	212.942	97.95338367	3.29
476	2017	Septiembre	72.5	23.077	286.462	131.7726691	4.183
477	2017	Septiembre	78	24.828	343.193	157.8686488	4.841
478	2017	Septiembre	41.5	13.21	72.172	33.19915084	1.371
479	2017	Septiembre	70	22.282	262.669	120.827944	3.899
480	2017	Septiembre	51.5	16.393	123.04	56.5986134	2.111
481	2017	Septiembre	26.7	8.499	24.271	11.16450456	0.567
482	2017	Septiembre	46.2	14.706	94.081	43.27732912	1.699
483	2017	Septiembre	19.5	6.207	11.165	5.135771032	0.303
484	2017	Septiembre	39.5	12.573	63.88	29.38471967	1.242
485	2017	Septiembre	20	6.366	11.885	5.467329495	0.318
486	2017	Septiembre	12	3.82	3.364	1.5473444	0.115
487	2017	Septiembre	10.5	3.342	2.418	1.112471482	0.088
488	2017	Septiembre	13	4.138	4.099	1.885750155	0.134
489	2017	Septiembre	9	2.865	1.652	0.760087113	0.064
490	2017	Septiembre	24	7.639	18.65	8.578909905	0.458
491	2017	Septiembre	19	6.048	10.471	4.816485715	0.287
492	2017	Septiembre	22.5	7.162	15.901	7.314306092	0.403
493	2017	Septiembre	10	3.183	2.144	0.986120821	0.08
494	2017	Septiembre	12	3.82	3.364	1.5473444	0.115
495	2017	Septiembre	33	10.504	40.966	18.84421602	0.867
496	2017	Septiembre	8.5	2.706	1.435	0.659970151	0.057
497	2017	Septiembre	38	12.096	58.052	26.70394322	1.149
498	2017	Septiembre	28	8.913	27.296	12.55618264	0.624
499	2017	Septiembre	46	14.642	93.078	42.81586582	1.684
500	2017	Septiembre	33.5	10.663	42.517	19.55761294	0.893
501	2017	Septiembre	12	3.82	3.364	1.5473444	0.115
502	2017	Septiembre	20	6.366	11.885	5.467329495	0.318
503	2017	Septiembre	24.5	7.799	19.625	9.027334249	0.478
504	2017	Septiembre	46.5	14.801	95.598	43.97505337	1.721
505	2017	Septiembre	38.5	12.255	59.958	27.58059247	1.18
506	2017	Septiembre	25	7.958	20.629	9.489424833	0.497
507	2017	Septiembre	11.5	3.661	3.028	1.392882533	0.105
508	2017	Septiembre	35	11.141	47.377	21.79326332	0.975
509	2017	Septiembre	44.5	14.165	85.757	39.44824763	1.576
510	2017	Septiembre	19.5	6.207	11.165	5.135771032	0.303
511	2017	Septiembre	41	13.051	70.042	32.21951796	1.338
512	2017	Septiembre	72	22.918	281.605	129.5384593	4.125
513	2017	Septiembre	65	20.69	218.716	100.6095098	3.362
514	2017	Septiembre	66.5	21.168	231.401	106.4443009	3.519
515	2017	Septiembre	35	11.141	47.377	21.79326332	0.975
516	2017	Septiembre	19	6.048	10.471	4.816485715	0.287
517	2017	Septiembre	27	8.594	24.95	11.4770425	0.58
518	2017	Septiembre	35.2	11.204	48.048	22.10227866	0.986
519	2017	Septiembre	20	6.366	11.885	5.467329495	0.318
520	2017	Septiembre	14	4.456	4.923	2.264709515	0.156
521	2017	Septiembre	35	11.141	47.377	21.79326332	0.975
522	2017	Septiembre	20	6.366	11.885	5.467329495	0.318
523	2017	Septiembre	19.5	6.207	11.165	5.135771032	0.303
524	2017	Septiembre	42	13.369	74.34	34.19630053	1.404
525	2017	Septiembre	42	13.369	74.34	34.19630053	1.404
526	2017	Septiembre	60	19.099	179.467	82.55471232	2.865
527	2017	Septiembre	30.3	9.645	33.175	15.26071436	0.731
528	2017	Septiembre	11	3.501	2.713	1.247991001	0.096
529	2017	Septiembre	21.4	6.812	14.048	6.462232254	0.364
530	2017	Septiembre	16	5.093	6.848	3.150000377	0.204
531	2017	Septiembre	24.7	7.862	20.023	9.210523186	0.485
532	2017	Septiembre	19.7	6.271	11.45	5.26691335	0.309
533	2017	Septiembre	26.5	8.435	23.824	10.95899385	0.559
534	2017	Septiembre	10	3.183	2.144	0.986120821	0.08
535	2017	Septiembre	15	4.775	5.838	2.685663704	0.179
536	2017	Septiembre	22	7.003	15.042	6.919210975	0.385
537	2017	Septiembre	23.5	7.48	17.704	8.144019714	0.439
538	2017	Septiembre	24	7.639	18.65	8.578909905	0.458
539	2017	Septiembre	24	7.639	18.65	8.578909905	0.458
540	2017	Septiembre	16	5.093	6.848	3.150000377	0.204
541	2017	Septiembre	17	5.411	7.954	3.659059009	0.23
542	2017	Septiembre	23	7.321	16.788	7.72253013	0.421
543	2017	Septiembre	15	4.775	5.838	2.685663704	0.179
544	2017	Septiembre	16	5.093	6.848	3.150000377	0.204
545	2017	Septiembre	11	3.501	2.713	1.247991001	0.096
546	2017	Septiembre	14	4.456	4.923	2.264709515	0.156
547	2017	Septiembre	17	5.411	7.954	3.659059009	0.23
548	2017	Septiembre	12	3.82	3.364	1.5473444	0.115
549	2017	Septiembre	55	17.507	144.747	66.58345615	2.407
550	2017	Septiembre	63	20.053	202.462	93.13236388	3.158
551	2017	Septiembre	64.5	20.531	214.583	98.70796161	3.311
552	2017	Septiembre	73	23.237	291.369	134.02966	4.241
553	2017	Septiembre	42	13.369	74.34	34.19630053	1.404
554	2017	Septiembre	113	35.969	857.688	394.5362955	10.161
555	2017	Septiembre	90	28.648	488.771	224.8347157	6.446
556	2017	Septiembre	124	39.47	1078.99	496.3352415	12.236
557	2017	Septiembre	41.5	13.21	72.172	33.19915084	1.371
558	2017	Septiembre	76	24.191	321.857	148.0541261	4.596
559	2017	Septiembre	43	13.687	78.79	36.24354606	1.471
560	2017	Septiembre	76	24.191	321.857	148.0541261	4.596
561	2017	Septiembre	89	28.33	475.461	218.7121123	6.303
562	2017	Septiembre	36	11.459	50.792	23.36434487	1.031
563	2017	Septiembre	60	19.099	179.467	82.55471232	2.865
564	2017	Septiembre	39	12.414	61.9	28.47415027	1.21
565	2017	Septiembre	35.4	11.268	48.726	22.41388757	0.997
566	2017	Octubre	27	8.594	24.95	11.4770425	0.58
567	2017	Octubre	37.2	11.841	55.079	25.33621484	1.101
568	2017	Octubre	23.5	7.48	17.704	8.144019714	0.439
569	2017	Octubre	28.4	9.04	28.27	13.00408342	0.642
570	2017	Octubre	29.2	9.295	30.278	13.92807686	0.679
571	2017	Octubre	24	7.639	18.65	8.578909905	0.458
572	2017	Octubre	38	12.096	58.052	26.70394322	1.149
573	2017	Octubre	39.5	12.573	63.88	29.38471967	1.242
574	2017	Octubre	26.4	8.403	23.602	10.85708985	0.555
575	2017	Octubre	29.6	9.422	31.314	14.40429299	0.697
576	2017	Octubre	29.3	9.326	30.535	14.04623786	0.683
577	2017	Octubre	25.5	8.117	21.664	9.965312323	0.517
578	2017	Octubre	29	9.231	29.769	13.69353517	0.669
579	2017	Octubre	31	9.868	35.102	16.14674081	0.765
580	2017	Octubre	37	11.777	54.35	25.00095445	1.089
581	2017	Octubre	53	16.87	132.086	60.7597254	2.235
582	2017	Octubre	38.2	12.159	58.81	27.05258052	1.161
583	2017	Octubre	45	14.324	88.158	40.55255763	1.611
584	2017	Octubre	28.5	9.072	28.516	13.11752129	0.646
585	2017	Octubre	40.7	12.955	68.783	31.64010484	1.318
586	2017	Octubre	26	8.276	22.729	10.45512601	0.538
587	2017	Octubre	54	17.189	138.33	63.63193194	2.32
588	2017	Octubre	56.5	17.984	154.698	71.16096735	2.54
589	2017	Octubre	30	9.549	32.37	14.89007033	0.716
590	2017	Octubre	35	11.141	47.377	21.79326332	0.975
591	2017	Octubre	31.2	9.931	35.664	16.4053738	0.775
592	2017	Octubre	45.8	14.579	92.081	42.35734446	1.669
593	2017	Octubre	32.4	10.313	39.15	18.008886	0.835
594	2017	Octubre	22.5	7.162	15.901	7.314306092	0.403
595	2017	Octubre	36	11.459	50.792	23.36434487	1.031
596	2017	Octubre	37.7	12	56.926	26.18602662	1.131
597	2017	Octubre	76.5	24.351	327.114	150.472638	4.657
598	2017	Octubre	32.5	10.345	39.449	18.14654348	0.841
599	2017	Octubre	39.5	12.573	63.88	29.38471967	1.242
600	2017	Octubre	44	14.006	83.396	38.36203986	1.541
601	2017	Octubre	43.5	13.846	81.074	37.29383822	1.506
602	2017	Octubre	43	13.687	78.79	36.24354606	1.471
603	2017	Octubre	43.5	13.846	81.074	37.29383822	1.506
604	2017	Octubre	28	8.913	27.296	12.55618264	0.624
605	2017	Octubre	54.5	17.348	141.517	65.09773615	2.364
606	2017	Octubre	67.5	21.486	240.094	110.4433958	3.626
607	2017	Octubre	40	12.732	65.897	30.31240307	1.273
608	2017	Octubre	45	14.324	88.158	40.55255763	1.611
609	2017	Octubre	36	11.459	50.792	23.36434487	1.031
610	2017	Octubre	45	14.324	88.158	40.55255763	1.611
611	2017	Octubre	34	10.823	44.102	20.28684601	0.92
612	2017	Octubre	32.5	10.345	39.449	18.14654348	0.841
613	2017	Octubre	76	24.191	321.857	148.0541261	4.596
614	2017	Octubre	61	19.417	186.949	85.99637621	2.961
615	2017	Octubre	20	6.366	11.885	5.467329495	0.318
616	2017	Octubre	19	6.048	10.471	4.816485715	0.287
617	2017	Octubre	20	6.366	11.885	5.467329495	0.318
618	2017	Octubre	20.5	6.525	12.633	5.811308342	0.334
619	2017	Octubre	57.5	18.303	161.552	74.3137835	2.631
620	2017	Octubre	31	9.868	35.102	16.14674081	0.765
621	2017	Octubre	32.5	10.345	39.449	18.14654348	0.841
622	2017	Octubre	39	12.414	61.9	28.47415027	1.21
623	2017	Octubre	61	19.417	186.949	85.99637621	2.961
624	2017	Octubre	40	12.732	65.897	30.31240307	1.273
625	2017	Octubre	52	16.552	126.013	57.96614125	2.152
626	2017	Octubre	37	11.777	54.35	25.00095445	1.089
627	2017	Octubre	40	12.732	65.897	30.31240307	1.273
628	2017	Octubre	38	12.096	58.052	26.70394322	1.149
629	2017	Octubre	68	21.645	244.513	112.4759453	3.68
630	2017	Octubre	69	21.963	253.494	116.6074322	3.789
631	2017	Octubre	26	8.276	22.729	10.45512601	0.538
632	2017	Octubre	34	10.823	44.102	20.28684601	0.92
633	2017	Octubre	30	9.549	32.37	14.89007033	0.716
634	2017	Octubre	33	10.504	40.966	18.84421602	0.867
635	2017	Octubre	25	7.958	20.629	9.489424833	0.497
636	2017	Octubre	22	7.003	15.042	6.919210975	0.385
637	2017	Octubre	39	12.414	61.9	28.47415027	1.21
638	2017	Octubre	11.5	3.661	3.028	1.392882533	0.105
639	2017	Octubre	29	9.231	29.769	13.69353517	0.669
640	2017	Octubre	34	10.823	44.102	20.28684601	0.92
641	2017	Octubre	17	5.411	7.954	3.659059009	0.23
642	2017	Octubre	49	15.597	108.804	50.0500646	1.911
643	2017	Octubre	67.5	21.486	240.094	110.4433958	3.626
644	2017	Octubre	33	10.504	40.966	18.84421602	0.867
645	2017	Octubre	67	21.327	235.724	108.4328733	3.572
646	2017	Octubre	22.5	7.162	15.901	7.314306092	0.403
647	2017	Octubre	42.5	13.528	76.546	35.21106612	1.437
648	2017	Octubre	60.3	19.194	181.692	83.57842965	2.894
649	2017	Octubre	35	11.141	47.377	21.79326332	0.975
650	2017	Octubre	75.5	24.032	316.65	145.6589068	4.536
651	2017	Octubre	47.5	15.12	100.759	46.34896473	1.795
652	2017	Octubre	20.5	6.525	12.633	5.811308342	0.334
653	2017	Octubre	77	24.51	332.423	152.9145146	4.718
654	2017	Octubre	73	23.237	291.369	134.02966	4.241
655	2016	Septiembre	39.5	12.573	63.88	29.38471967	1.242
656	2016	Septiembre	58	18.462	165.045	75.92078689	2.677
657	2016	Septiembre	43.8	13.942	82.462	37.93260387	1.527
658	2016	Septiembre	39	12.414	61.9	28.47415027	1.21
659	2016	Septiembre	32	10.186	37.966	17.46448265	0.815
660	2016	Septiembre	85.1	27.088	425.626	195.7880007	5.763
661	2016	Septiembre	39.5	12.573	63.88	29.38471967	1.242
662	2016	Septiembre	234	74.484	5182.087	2383.759914	43.573
663	2016	Septiembre	20	6.366	11.885	5.467329495	0.318
664	2016	Septiembre	48	15.279	103.4	47.56387468	1.833
665	2016	Septiembre	43	13.687	78.79	36.24354606	1.471
666	2016	Septiembre	25.5	8.117	21.664	9.965312323	0.517
667	2016	Septiembre	60	19.099	179.467	82.55471232	2.865
668	2016	Septiembre	74	23.555	301.331	138.6122803	4.358
669	2016	Septiembre	53	16.87	132.086	60.7597254	2.235
670	2016	Septiembre	56.5	17.984	154.698	71.16096735	2.54
671	2016	Septiembre	39.4	12.541	63.481	29.20123994	1.235
672	2016	Septiembre	18	5.73	9.161	4.214135433	0.258
673	2016	Septiembre	53	16.87	132.086	60.7597254	2.235
674	2016	Septiembre	91	28.966	502.3	231.0582124	6.59
675	2016	Septiembre	24	7.639	18.65	8.578909905	0.458
676	2016	Septiembre	46.4	14.77	95.091	43.74174038	1.713
677	2016	Septiembre	36	11.459	50.792	23.36434487	1.031
678	2016	Septiembre	44.5	14.165	85.757	39.44824763	1.576
679	2016	Septiembre	41	13.051	70.042	32.21951796	1.338
680	2016	Septiembre	72	22.918	281.605	129.5384593	4.125
681	2016	Septiembre	52	16.552	126.013	57.96614125	2.152
682	2016	Septiembre	45	14.324	88.158	40.55255763	1.611
683	2016	Septiembre	38	12.096	58.052	26.70394322	1.149
684	2016	Septiembre	49.5	15.756	111.569	51.32152765	1.95
685	2016	Septiembre	35.5	11.3	49.067	22.57066677	1.003
686	2016	Septiembre	18.7	5.952	10.067	4.630743634	0.278
687	2016	Septiembre	76	24.191	321.857	148.0541261	4.596
688	2016	Septiembre	67.1	21.359	236.594	108.8332193	3.583
689	2016	Septiembre	96.1	30.59	574.754	264.3867094	7.349
690	2016	Septiembre	56.3	17.921	153.348	70.54014894	2.522
691	2016	Septiembre	22	7.003	15.042	6.919210975	0.385
692	2016	Septiembre	22	7.003	15.042	6.919210975	0.385
693	2016	Septiembre	64.3	20.467	212.942	97.95338367	3.29
694	2016	Septiembre	72.5	23.077	286.462	131.7726691	4.183
695	2016	Septiembre	78	24.828	343.193	157.8686488	4.841
696	2016	Septiembre	41.5	13.21	72.172	33.19915084	1.371
697	2016	Septiembre	70	22.282	262.669	120.827944	3.899
698	2016	Septiembre	51.5	16.393	123.04	56.5986134	2.111
699	2016	Septiembre	26.7	8.499	24.271	11.16450456	0.567
700	2016	Septiembre	46.2	14.706	94.081	43.27732912	1.699
701	2016	Septiembre	19.5	6.207	11.165	5.135771032	0.303
702	2016	Septiembre	39.5	12.573	63.88	29.38471967	1.242
703	2016	Septiembre	20	6.366	11.885	5.467329495	0.318
704	2016	Septiembre	12	3.82	3.364	1.5473444	0.115
705	2016	Septiembre	10.5	3.342	2.418	1.112471482	0.088
706	2016	Septiembre	13	4.138	4.099	1.885750155	0.134
707	2016	Septiembre	9	2.865	1.652	0.760087113	0.064
708	2016	Septiembre	24	7.639	18.65	8.578909905	0.458
709	2016	Septiembre	19	6.048	10.471	4.816485715	0.287
710	2016	Septiembre	22.5	7.162	15.901	7.314306092	0.403
711	2016	Septiembre	10	3.183	2.144	0.986120821	0.08
712	2016	Septiembre	12	3.82	3.364	1.5473444	0.115
713	2016	Septiembre	33	10.504	40.966	18.84421602	0.867
714	2016	Septiembre	8.5	2.706	1.435	0.659970151	0.057
715	2016	Septiembre	38	12.096	58.052	26.70394322	1.149
716	2016	Septiembre	28	8.913	27.296	12.55618264	0.624
717	2016	Septiembre	46	14.642	93.078	42.81586582	1.684
718	2016	Septiembre	33.5	10.663	42.517	19.55761294	0.893
719	2016	Septiembre	12	3.82	3.364	1.5473444	0.115
720	2016	Septiembre	20	6.366	11.885	5.467329495	0.318
721	2016	Septiembre	24.5	7.799	19.625	9.027334249	0.478
722	2016	Septiembre	46.5	14.801	95.598	43.97505337	1.721
723	2016	Septiembre	38.5	12.255	59.958	27.58059247	1.18
724	2016	Septiembre	25	7.958	20.629	9.489424833	0.497
725	2016	Septiembre	11.5	3.661	3.028	1.392882533	0.105
726	2016	Septiembre	35	11.141	47.377	21.79326332	0.975
727	2016	Septiembre	44.5	14.165	85.757	39.44824763	1.576
728	2016	Septiembre	19.5	6.207	11.165	5.135771032	0.303
729	2016	Septiembre	41	13.051	70.042	32.21951796	1.338
730	2016	Septiembre	72	22.918	281.605	129.5384593	4.125
731	2016	Septiembre	65	20.69	218.716	100.6095098	3.362
732	2016	Septiembre	66.5	21.168	231.401	106.4443009	3.519
733	2016	Septiembre	35	11.141	47.377	21.79326332	0.975
734	2016	Septiembre	19	6.048	10.471	4.816485715	0.287
735	2016	Septiembre	27	8.594	24.95	11.4770425	0.58
736	2016	Septiembre	35.2	11.204	48.048	22.10227866	0.986
737	2016	Septiembre	20	6.366	11.885	5.467329495	0.318
738	2016	Septiembre	14	4.456	4.923	2.264709515	0.156
739	2016	Septiembre	35	11.141	47.377	21.79326332	0.975
740	2016	Septiembre	20	6.366	11.885	5.467329495	0.318
741	2016	Septiembre	19.5	6.207	11.165	5.135771032	0.303
742	2016	Septiembre	42	13.369	74.34	34.19630053	1.404
743	2016	Septiembre	42	13.369	74.34	34.19630053	1.404
744	2016	Septiembre	60	19.099	179.467	82.55471232	2.865
745	2016	Septiembre	30.3	9.645	33.175	15.26071436	0.731
746	2016	Septiembre	11	3.501	2.713	1.247991001	0.096
747	2016	Septiembre	21.4	6.812	14.048	6.462232254	0.364
748	2016	Septiembre	16	5.093	6.848	3.150000377	0.204
749	2016	Septiembre	24.7	7.862	20.023	9.210523186	0.485
750	2016	Septiembre	19.7	6.271	11.45	5.26691335	0.309
751	2016	Septiembre	26.5	8.435	23.824	10.95899385	0.559
752	2016	Septiembre	10	3.183	2.144	0.986120821	0.08
753	2016	Septiembre	15	4.775	5.838	2.685663704	0.179
754	2016	Septiembre	22	7.003	15.042	6.919210975	0.385
755	2016	Septiembre	23.5	7.48	17.704	8.144019714	0.439
756	2016	Septiembre	24	7.639	18.65	8.578909905	0.458
757	2016	Septiembre	24	7.639	18.65	8.578909905	0.458
758	2016	Septiembre	16	5.093	6.848	3.150000377	0.204
759	2016	Septiembre	17	5.411	7.954	3.659059009	0.23
760	2016	Septiembre	23	7.321	16.788	7.72253013	0.421
761	2016	Septiembre	15	4.775	5.838	2.685663704	0.179
762	2016	Septiembre	16	5.093	6.848	3.150000377	0.204
763	2016	Septiembre	11	3.501	2.713	1.247991001	0.096
764	2016	Septiembre	14	4.456	4.923	2.264709515	0.156
765	2016	Septiembre	17	5.411	7.954	3.659059009	0.23
766	2016	Septiembre	12	3.82	3.364	1.5473444	0.115
767	2016	Septiembre	55	17.507	144.747	66.58345615	2.407
768	2016	Septiembre	63	20.053	202.462	93.13236388	3.158
769	2016	Septiembre	64.5	20.531	214.583	98.70796161	3.311
770	2016	Septiembre	73	23.237	291.369	134.02966	4.241
771	2016	Septiembre	42	13.369	74.34	34.19630053	1.404
772	2016	Septiembre	113	35.969	857.688	394.5362955	10.161
773	2016	Septiembre	90	28.648	488.771	224.8347157	6.446
774	2016	Septiembre	124	39.47	1078.99	496.3352415	12.236
775	2016	Septiembre	41.5	13.21	72.172	33.19915084	1.371
776	2016	Septiembre	76	24.191	321.857	148.0541261	4.596
777	2016	Septiembre	43	13.687	78.79	36.24354606	1.471
778	2016	Septiembre	76	24.191	321.857	148.0541261	4.596
779	2016	Septiembre	89	28.33	475.461	218.7121123	6.303
780	2016	Septiembre	36	11.459	50.792	23.36434487	1.031
781	2016	Septiembre	60	19.099	179.467	82.55471232	2.865
782	2016	Septiembre	39	12.414	61.9	28.47415027	1.21
783	2016	Octubre	35.4	11.268	48.726	22.41388757	0.997
784	2016	Octubre	27	8.594	24.95	11.4770425	0.58
785	2016	Octubre	37.2	11.841	55.079	25.33621484	1.101
786	2016	Octubre	23.5	7.48	17.704	8.144019714	0.439
787	2016	Octubre	28.4	9.04	28.27	13.00408342	0.642
788	2016	Octubre	29.2	9.295	30.278	13.92807686	0.679
789	2016	Octubre	24	7.639	18.65	8.578909905	0.458
790	2016	Octubre	38	12.096	58.052	26.70394322	1.149
791	2016	Octubre	39.5	12.573	63.88	29.38471967	1.242
792	2016	Octubre	26.4	8.403	23.602	10.85708985	0.555
793	2016	Octubre	29.6	9.422	31.314	14.40429299	0.697
794	2016	Octubre	29.3	9.326	30.535	14.04623786	0.683
795	2016	Octubre	25.5	8.117	21.664	9.965312323	0.517
796	2016	Octubre	29	9.231	29.769	13.69353517	0.669
797	2016	Octubre	31	9.868	35.102	16.14674081	0.765
798	2016	Octubre	37	11.777	54.35	25.00095445	1.089
799	2016	Octubre	53	16.87	132.086	60.7597254	2.235
800	2016	Octubre	38.2	12.159	58.81	27.05258052	1.161
801	2016	Octubre	45	14.324	88.158	40.55255763	1.611
802	2016	Octubre	28.5	9.072	28.516	13.11752129	0.646
803	2016	Octubre	40.7	12.955	68.783	31.64010484	1.318
804	2016	Octubre	26	8.276	22.729	10.45512601	0.538
805	2016	Octubre	54	17.189	138.33	63.63193194	2.32
806	2016	Octubre	56.5	17.984	154.698	71.16096735	2.54
807	2016	Octubre	30	9.549	32.37	14.89007033	0.716
808	2016	Octubre	35	11.141	47.377	21.79326332	0.975
809	2016	Octubre	31.2	9.931	35.664	16.4053738	0.775
810	2016	Octubre	45.8	14.579	92.081	42.35734446	1.669
811	2016	Octubre	32.4	10.313	39.15	18.008886	0.835
812	2016	Octubre	22.5	7.162	15.901	7.314306092	0.403
813	2016	Octubre	36	11.459	50.792	23.36434487	1.031
814	2016	Octubre	37.7	12	56.926	26.18602662	1.131
815	2016	Octubre	76.5	24.351	327.114	150.472638	4.657
816	2016	Octubre	32.5	10.345	39.449	18.14654348	0.841
817	2016	Octubre	39.5	12.573	63.88	29.38471967	1.242
818	2016	Octubre	44	14.006	83.396	38.36203986	1.541
819	2016	Octubre	43.5	13.846	81.074	37.29383822	1.506
820	2016	Octubre	43	13.687	78.79	36.24354606	1.471
821	2016	Octubre	43.5	13.846	81.074	37.29383822	1.506
822	2016	Octubre	28	8.913	27.296	12.55618264	0.624
823	2016	Octubre	54.5	17.348	141.517	65.09773615	2.364
824	2016	Octubre	67.5	21.486	240.094	110.4433958	3.626
825	2016	Octubre	40	12.732	65.897	30.31240307	1.273
826	2016	Octubre	45	14.324	88.158	40.55255763	1.611
827	2016	Octubre	36	11.459	50.792	23.36434487	1.031
828	2016	Octubre	45	14.324	88.158	40.55255763	1.611
829	2016	Octubre	34	10.823	44.102	20.28684601	0.92
830	2016	Octubre	32.5	10.345	39.449	18.14654348	0.841
831	2016	Octubre	76	24.191	321.857	148.0541261	4.596
832	2016	Octubre	61	19.417	186.949	85.99637621	2.961
833	2016	Octubre	20	6.366	11.885	5.467329495	0.318
834	2016	Octubre	19	6.048	10.471	4.816485715	0.287
835	2016	Octubre	20	6.366	11.885	5.467329495	0.318
836	2016	Octubre	20.5	6.525	12.633	5.811308342	0.334
837	2016	Octubre	57.5	18.303	161.552	74.3137835	2.631
838	2016	Octubre	31	9.868	35.102	16.14674081	0.765
839	2016	Octubre	32.5	10.345	39.449	18.14654348	0.841
840	2016	Octubre	39	12.414	61.9	28.47415027	1.21
841	2016	Octubre	61	19.417	186.949	85.99637621	2.961
842	2016	Octubre	40	12.732	65.897	30.31240307	1.273
843	2016	Octubre	52	16.552	126.013	57.96614125	2.152
844	2016	Octubre	37	11.777	54.35	25.00095445	1.089
845	2016	Octubre	40	12.732	65.897	30.31240307	1.273
846	2016	Octubre	38	12.096	58.052	26.70394322	1.149
847	2016	Octubre	68	21.645	244.513	112.4759453	3.68
848	2016	Octubre	69	21.963	253.494	116.6074322	3.789
849	2016	Octubre	26	8.276	22.729	10.45512601	0.538
850	2016	Octubre	34	10.823	44.102	20.28684601	0.92
851	2016	Octubre	30	9.549	32.37	14.89007033	0.716
852	2016	Octubre	33	10.504	40.966	18.84421602	0.867
853	2016	Octubre	25	7.958	20.629	9.489424833	0.497
854	2016	Octubre	22	7.003	15.042	6.919210975	0.385
855	2016	Octubre	39	12.414	61.9	28.47415027	1.21
856	2016	Octubre	11.5	3.661	3.028	1.392882533	0.105
857	2016	Octubre	29	9.231	29.769	13.69353517	0.669
858	2016	Octubre	34	10.823	44.102	20.28684601	0.92
859	2016	Octubre	17	5.411	7.954	3.659059009	0.23
860	2016	Octubre	49	15.597	108.804	50.0500646	1.911
861	2016	Octubre	67.5	21.486	240.094	110.4433958	3.626
862	2016	Octubre	33	10.504	40.966	18.84421602	0.867
863	2016	Octubre	67	21.327	235.724	108.4328733	3.572
864	2016	Octubre	22.5	7.162	15.901	7.314306092	0.403
865	2016	Octubre	42.5	13.528	76.546	35.21106612	1.437
866	2016	Octubre	60.3	19.194	181.692	83.57842965	2.894
867	2016	Octubre	35	11.141	47.377	21.79326332	0.975
868	2016	Octubre	75.5	24.032	316.65	145.6589068	4.536
869	2016	Octubre	47.5	15.12	100.759	46.34896473	1.795
870	2016	Octubre	20.5	6.525	12.633	5.811308342	0.334
